  0.16232806851520726        28.138407062484809     
  0.25485506756887538        16.591437563841350     
  0.34738206662254351        10.480798343681458     
  0.43990906567621163        6.3757048488851460     
  0.53243606472987981        3.2324330836459012     
  0.62496306378354793       0.62547021702726724     
  0.71749006283721606       -1.6513968189759627     
  0.81001706189088418       -3.7103543639210752     
  0.90254406094455231       -5.6177346490562936     
  0.99507105999822043       -7.4153080356861807     
   1.0875980590518886       -9.1307100779091890     
   1.1801250581055567       -10.782967426487966     
   1.2726520571592248       -12.385616413232086     
   1.3651790562128929       -13.948555785274520     
   1.4577060552665611       -15.479195502314409     
   1.5502330543202292       -16.983195313767560     
   1.6427600533738973       -18.464954578027776     
   1.7352870524275654       -19.927945979349623     
   1.8278140514812335       -21.374948322565245     
   1.9203410505349017       -22.808212349179772     
   2.0128680495885698       -24.229581058903388     
   2.1053950486422379       -25.640578483311430     
   2.1979220476959060       -27.042476172602008     
   2.2904490467495742       -28.436343671476202     
   2.3829760458032423       -29.823087316369929     
   2.4755030448569104       -31.203480394985078     
   2.5680300439105785       -32.578186835549417     
   2.6605570429642467       -33.947779992438250     
   2.7530840420179148       -35.312757675227587     
   2.8456110410715829       -36.673554271108998     
   2.9381380401252510       -38.030550597411292     
   3.0306650391789192       -39.384081966173362     
   3.1231920382325873       -40.734444829041550     
   3.2157190372862554       -42.081902286422888     
   3.3082460363399235       -43.426688681630701     
   3.4007730353935917       -44.769013452977092     
   3.4933000344472598       -46.109064380326629     
   3.5858270335009279       -47.447010334611178     
   3.6783540325545960       -48.783003617104299     
   3.7708810316082642       -50.117181958322320     
   3.8634080306619323       -51.449670233119427     
   3.9559350297156004       -52.780581938029627     
   4.0484620287692685       -54.110020468545883     
   4.1409890278229362       -55.438080227336485     
   4.2335160268766039       -56.764847589017563     
   4.3260430259302716       -58.090401742748988     
   4.4185700249839392       -59.414815430385211     
   4.5110970240376069       -60.738155595025347     
   4.6036240230912746       -62.060483952438545     
   4.6961510221449423       -63.381857495890188     
   4.7886780211986100       -64.702328943280577     
   4.8812050202522776       -66.021947134167561     
   4.9737320193059453       -67.340757383127524     
   5.0662590183596130       -68.658801794973868     
   5.1587860174132807       -69.976119546567460     
   5.2513130164669484       -71.292747139291976     
   5.3438400155206160       -72.608718625707979     
   5.4363670145742837       -73.924065813425628     
   5.5288940136279514       -75.238818448832504     
   5.6214210126816191       -76.553004382969533     
   5.7139480117352868       -77.866649721553358     
   5.8064750107889544       -79.179778960891653     
   5.8990020098426221       -80.492415111220481     
   5.9915290088962898       -81.804579808806182     
   6.0840560079499575       -83.116293417992182     
   6.1765830070036252       -84.427575124231566     
   6.2691100060572928       -85.738443019024103     
   6.3616370051109605       -87.048914177571135     
   6.4541640041646282       -88.359004729869113     
   6.5466910032182959       -89.668729925882147     
   6.6392180022719636       -90.978104195363130     
   6.7317450013256313       -92.287141202831108     
   6.8242720003792989       -93.595853898158367     
   6.9167989994329666       -94.904254563172287     
   7.0093259984866343       -96.212354854635052     
   7.1018529975403020       -97.520165843926719     
   7.1943799965939697       -98.827698053724106     
   7.2869069956476373       -100.13496149193880     
   7.3794339947013050       -101.44196568315095     
   7.4719609937549727       -102.74871969775288     
   7.5644879928086404       -104.05523217899557     
   7.6570149918623081       -105.36151136811293     
   7.7495419909159757       -106.66756512768166     
   7.8420689899696434       -107.97340096336058     
   7.9345959890233111       -109.27902604413927     
   8.0271229880769788       -110.58444722121482     
   8.1196499871306465       -111.88967104560416     
   8.2121769861843141       -113.19470378458996     
   8.3047039852379818       -114.49955143709010     
   8.3972309842916495       -115.80421974803187     
   8.4897579833453172       -117.10871422180594     
   8.5822849823989849       -118.41304013486835     
   8.6748119814526525       -119.71720254755290     
   8.7673389805063202       -121.02120631515160     
   8.8598659795599879       -122.32505609831566     
   8.9523929786136556       -123.62875637282522     
   9.0449199776673233       -124.93231143877246     
   9.1374469767209909       -126.23572542919896     
   9.2299739757746586       -127.53900231822489     
   9.3225009748283263       -128.84214592870455     
   9.4150279738819940       -130.14515993944067     
   9.5075549729356617       -131.44804789198685     
   9.6000819719893293       -132.75081319706513     
   9.6926089710429970       -134.05345914062448     
   9.7851359700966647       -135.35598888956321     
   9.8776629691503324       -136.65840549713707     
   9.9701899682040001       -137.96071190807294     
   10.062716967257668       -139.26291096340705     
   10.155243966311335       -140.56500540506471     
   10.247770965365003       -141.86699788019760     
   10.340297964418671       -143.16889094529361     
   10.432824963472338       -144.47068707007315     
   10.525351962526006       -145.77238864118465     
   10.617878961579674       -147.07399796571156     
   10.710405960633341       -148.37551727450156     
   10.802932959687009       -149.67694872532914     
   10.895459958740677       -150.97829440590039     
   10.987986957794345       -152.27955633671007     
   11.080513956848012       -153.58073647375863     
   11.173040955901680       -154.88183671113768     
   11.265567954955348       -156.18285888349101     
   11.358094954009015       -157.48380476835831     
   11.450621953062683       -158.78467608840810     
   11.543148952116351       -160.08547451356571     
   11.635675951170018       -161.38620166304221     
   11.728202950223686       -162.68685910727015     
   11.820729949277354       -163.98744836974993     
   11.913256948331021       -165.28797092881271     
   12.005783947384689       -166.58842821930384     
   12.098310946438357       -167.88882163419075     
   12.190837945492024       -169.18915252609963     
   12.283364944545692       -170.48942220878439     
   12.375891943599360       -171.78963195853126     
   12.468418942653027       -173.08978301550275     
   12.560945941706695       -174.38987658502316     
   12.653472940760363       -175.68991383880990     
   12.745999939814030       -176.98989591615185     
   12.838526938867698       -178.28982392503843     
   12.931053937921366       -179.58969894324150     
   13.023580936975033       -180.88952201935211     
   13.116107936028701       -182.18929417377464     
   13.208634935082369       -183.48901639968022     
   13.301161934136037       -184.78868966392142     
   13.393688933189704       -186.08831490791010     
   13.486215932243372       -187.38789304845980     
   13.578742931297040       -188.68742497859489     
   13.671269930350707       -189.98691156832757     
   13.763796929404375       -191.28635366540456     
   13.856323928458043       -192.58575209602435     
   13.948850927511710       -193.88510766552685     
   14.041377926565378       -195.18442115905657     
   14.133904925619046       -196.48369334220047     
   14.226431924672713       -197.78292496160122     
   14.318958923726381       -199.08211674554792     
   14.411485922780049       -200.38126940454407     
   14.504012921833716       -201.68038363185497     
   14.596539920887384       -202.97946010403433     
   14.689066919941052       -204.27849948143188     
   14.781593918994719       -205.57750240868248     
   14.874120918048387       -206.87646951517706     
   14.966647917102055       -208.17540141551700     
   15.059174916155722       -209.47429870995208     
   15.151701915209390       -210.77316198480275     
   15.244228914263058       -212.07199181286748     
   15.336755913316725       -213.37078875381590     
   15.429282912370393       -214.66955335456808     
   15.521809911424061       -215.96828614966057     
   15.614336910477729       -217.26698766159996     
   15.706863909531396       -218.56565840120408     
   15.799390908585064       -219.86429886793172     
   15.891917907638732       -221.16290955020128     
   15.984444906692399       -222.46149092569812     
   16.076971905746067       -223.76004346167221     
   16.169498904799735       -225.05856761522568     
   16.262025903853402       -226.35706383359059     
   16.354552902907070       -227.65553255439772     
   16.447079901960738       -228.95397420593665     
   16.539606901014405       -230.25238920740730     
   16.632133900068073       -231.55077796916299     
   16.724660899121741       -232.84914089294625     
   16.817187898175408       -234.14747837211664     
   16.909714897229076       -235.44579079187133     
   17.002241896282744       -236.74407852945905     
   17.094768895336411       -238.04234195438673     
   17.187295894390079       -239.34058142862017     
   17.279822893443747       -240.63879730677823     
   17.372349892497414       -241.93698993632094     
   17.464876891551082       -243.23515965773186     
   17.557403890604750       -244.53330680469494     
   17.649930889658417       -245.83143170426592     
   17.742457888712085       -247.12953467703835     
   17.834984887765753       -248.42761603730497     
   17.927511886819421       -249.72567609321391     
   18.020038885873088       -251.02371514692027     
   18.112565884926756       -252.32173349473351     
   18.205092883980424       -253.61973142725981     
   18.297619883034091       -254.91770922954106     
   18.390146882087759       -256.21566718118925     
   18.482673881141427       -257.51360555651701     
   18.575200880195094       -258.81152462466446     
   18.667727879248762       -260.10942464972226     
   18.760254878302430       -261.40730589085160     
   18.852781877356097       -262.70516860240002     
   18.945308876409765       -264.00301303401454     
   19.037835875463433       -265.30083943075118     
   19.130362874517100       -266.59864803318186     
   19.222889873570768       -267.89643907749775     
   19.315416872624436       -269.19421279561033     
   19.407943871678103       -270.49196941524917     
   19.500470870731771       -271.78970916005704     
   19.592997869785439       -273.08743224968305     
   19.685524868839106       -274.38513889987206     
   19.778051867892774       -275.68282932255312     
   19.870578866946442       -276.98050372592400     
   19.963105866000110       -278.27816231453482     
   20.055632865053777       -279.57580528936847     
   20.148159864107445       -280.87343284791905     
   20.240686863161113       -282.17104518426891     
   20.333213862214780       -283.46864248916279     
   20.425740861268448       -284.76622495008019     
   20.518267860322116       -286.06379275130655     
   20.610794859375783       -287.36134607400146     
   20.703321858429451       -288.65888509626603     
   20.795848857483119       -289.95640999320807     
   20.888375856536786       -291.25392093700555     
   20.980902855590454       -292.55141809696875     
   21.073429854644122       -293.84890163960051     
   21.165956853697789       -295.14637172865514     
   21.258483852751457       -296.44382852519578     
   21.351010851805125       -297.74127218765028     
   21.443537850858792       -299.03870287186567     
   21.536064849912460       -300.33612073116137     
   21.628591848966128       -301.63352591638113     
   21.721118848019795       -302.93091857594334     
   21.813645847073463       -304.22829885589061     
   21.906172846127131       -305.52566689993751     
   21.998699845180798       -306.82302284951788     
   22.091226844234466       -308.12036684383031     
   22.183753843288134       -309.41769901988306     
   22.276280842341802       -310.71501951253737     
   22.368807841395469       -312.01232845455013     
   22.461334840449137       -313.30962597661562     
   22.553861839502805       -314.60691220740574     
   22.646388838556472       -315.90418727360969     
   22.738915837610140       -317.20145129997269     
   22.831442836663808       -318.49870440933370     
   22.923969835717475       -319.79594672266199     
   23.016496834771143       -321.09317835909366     
   23.109023833824811       -322.39039943596640     
   23.201550832878478       -323.68761006885381     
   23.294077831932146       -324.98481037159928     
   23.386604830985814       -326.28200045634833     
   23.479131830039481       -327.57918043358103     
   23.571658829093149       -328.87635041214310     
   23.664185828146817       -330.17351049927652     
   23.756712827200484       -331.47066080064951     
   23.849239826254152       -332.76780142038547     
   23.941766825307820       -334.06493246109210     
   24.034293824361487       -335.36205402388873     
   24.126820823415155       -336.65916620843404     
   24.219347822468823       -337.95626911295267     
   24.311874821522490       -339.25336283426111     
   24.404401820576158       -340.55044746779356     
   24.496928819629826       -341.84752310762684     
   24.589455818683494       -343.14458984650463     
   24.681982817737161       -344.44164777586155     
   24.774509816790829       -345.73869698584656     
   24.867036815844497       -347.03573756534581     
   24.959563814898164       -348.33276960200487     
   25.052090813951832       -349.62979318225103     
   25.144617813005500       -350.92680839131424     
   25.237144812059167       -352.22381531324862     
   25.329671811112835       -353.52081403095258     
   25.422198810166503       -354.81780462618906     
   25.514725809220170       -356.11478717960551     
   25.607252808273838       -357.41176177075261     
   25.699779807327506       -358.70872847810352     
   25.792306806381173       -360.00568737907253     
   25.884833805434841       -361.30263855003278     
   25.977360804488509       -362.59958206633388     
   26.069887803542176       -363.89651800231985     
   26.162414802595844       -365.19344643134565     
   26.254941801649512       -366.49036742579392     
   26.347468800703179       -367.78728105709155     
   26.439995799756847       -369.08418739572539     
   26.532522798810515       -370.38108651125771     
   26.625049797864182       -371.67797847234220     
   26.717576796917850       -372.97486334673852     
   26.810103795971518       -374.27174120132725     
   26.902630795025186       -375.56861210212418     
   26.995157794078853       -376.86547611429444     
   27.087684793132521       -378.16233330216664     
   27.180211792186189       -379.45918372924632     
   27.272738791239856       -380.75602745822914     
   27.365265790293524       -382.05286455101430     
   27.457792789347192       -383.34969506871710     
   27.550319788400859       -384.64651907168150     
   27.642846787454527       -385.94333661949258     
   27.735373786508195       -387.24014777098876     
   27.827900785561862       -388.53695258427314     
   27.920427784615530       -389.83375111672586     
   28.012954783669198       -391.13054342501471     
   28.105481782722865       -392.42732956510707     
   28.198008781776533       -393.72410959228034     
   28.290535780830201       -395.02088356113313     
   28.383062779883868       -396.31765152559558     
   28.475589778937536       -397.61441353893940     
   28.568116777991204       -398.91116965378887     
   28.660643777044871       -400.20791992213020     
   28.753170776098539       -401.50466439532153     
   28.845697775152207       -402.80140312410254     
   28.938224774205874       -404.09813615860350     
   29.030751773259542       -405.39486354835537     
   29.123278772313210       -406.69158534229831     
   29.215805771366878       -407.98830158879059     
   29.308332770420545       -409.28501233561741     
   29.400859769474213       -410.58171762999990     
   29.493386768527881       -411.87841751860287     
   29.585913767581548       -413.17511204754356     
   29.678440766635216       -414.47180126239994     
   29.770967765688884       -415.76848520821829     
   29.863494764742551       -417.06516392952136     
   29.956021763796219       -418.36183747031561     
   30.048548762849887       -419.65850587409949     
   30.141075761903554       -420.95516918387051     
   30.233602760957222       -422.25182744213248     
   30.326129760010890       -423.54848069090281     
   30.418656759064557       -424.84512897171953     
   30.511183758118225       -426.14177232564822     
   30.603710757171893       -427.43841079328888     
   30.696237756225560       -428.73504441478275     
   30.788764755279228       -430.03167322981835     
   30.881291754332896       -431.32829727763863     
   30.973818753386563       -432.62491659704682     
   31.066345752440231       -433.92153122641287     
   31.158872751493899       -435.21814120367969     
   31.251399750547566       -436.51474656636907     
   31.343926749601234       -437.81134735158741     
   31.436453748654902       -439.10794359603165     
   31.528980747708570       -440.40453533599555     
   31.621507746762237       -441.70112260737437     
   31.714034745815905       -442.99770544567110     
   31.806561744869573       -444.29428388600155     
   31.899088743923240       -445.59085796310012     
   31.991615742976908       -446.88742771132439     
   32.084142742030579       -448.18399316466093     
   32.176669741084247       -449.48055435673007     
   32.269196740137915       -450.77711132079082     
   32.361723739191582       -452.07366408974616     
   32.454250738245250       -453.37021269614763     
   32.546777737298918       -454.66675717220011     
   32.639304736352585       -455.96329754976625     
   32.731831735406253       -457.25983386037160     
   32.824358734459921       -458.55636613520892     
   32.916885733513588       -459.85289440514242     
   33.009412732567256       -461.14941870071237     
   33.101939731620924       -462.44593905213935     
   33.194466730674591       -463.74245548932856     
   33.286993729728259       -465.03896804187377     
   33.379520728781927       -466.33547673906196     
   33.472047727835594       -467.63198160987656     
   33.564574726889262       -468.92848268300224     
   33.657101725942930       -470.22497998682809     
   33.749628724996597       -471.52147354945214     
   33.842155724050265       -472.81796339868481     
   33.934682723103933       -474.11444956205276     
   34.027209722157600       -475.41093206680205     
   34.119736721211268       -476.70741093990273     
   34.212263720264936       -478.00388620805160     
   34.304790719318603       -479.30035789767618     
   34.397317718372271       -480.59682603493752     
   34.489844717425939       -481.89329064573474     
   34.582371716479607       -483.18975175570699     
   34.674898715533274       -484.48620939023783     
   34.767425714586942       -485.78266357445807     
   34.859952713640610       -487.07911433324875     
   34.952479712694277       -488.37556169124474     
   35.045006711747945       -489.67200567283737     
   35.137533710801613       -490.96844630217794     
   35.230060709855280       -492.26488360318024     
   35.322587708908948       -493.56131759952393     
   35.415114707962616       -494.85774831465727     
   35.507641707016283       -496.15417577180006     
   35.600168706069951       -497.45059999394618     
   35.692695705123619       -498.74702100386673     
   35.785222704177286       -500.04343882411263     
   35.877749703230954       -501.33985347701747     
   35.970276702284622       -502.63626498469978     
   36.062803701338289       -503.93267336906615     
   36.155330700391957       -505.22907865181344     
   36.247857699445625       -506.52548085443135     
   36.340384698499292       -507.82187999820519     
   36.432911697552960       -509.11827610421824     
   36.525438696606628       -510.41466919335403     
   36.617965695660295       -511.71105928629879     
   36.710492694713963       -513.00744640354401     
   36.803019693767631       -514.30383056538847     
   36.895546692821299       -515.60021179194086     
   36.988073691874966       -516.89659010312187     
   37.080600690928634       -518.19296551866637     
   37.173127689982302       -519.48933805812555     
   37.265654689035969       -520.78570774086938     
   37.358181688089637       -522.08207458608865     
   37.450708687143305       -523.37843861279680     
   37.543235686196972       -524.67479983983230     
   37.635762685250640       -525.97115828586038     
   37.728289684304308       -527.26751396937561     
   37.820816683357975       -528.56386690870340     
   37.913343682411643       -529.86021712200204     
   38.005870681465311       -531.15656462726463     
   38.098397680518978       -532.45290944232124     
   38.190924679572646       -533.74925158484029     
   38.283451678626314       -535.04559107233104     
   38.375978677679981       -536.34192792214503     
   38.468505676733649       -537.63826215147787     
   38.561032675787317       -538.93459377737099     
   38.653559674840984       -540.23092281671359     
   38.746086673894652       -541.52724928624434     
   38.838613672948320       -542.82357320255289     
   38.931140672001987       -544.11989458208177     
   39.023667671055655       -545.41621344112798     
   39.116194670109323       -546.71252979584438     
   39.208721669162991       -548.00884366224182     
   39.301248668216658       -549.30515505619019     
   39.393775667270326       -550.60146399342034     
   39.486302666323994       -551.89777048952556     
   39.578829665377661       -553.19407455996316     
   39.671356664431329       -554.49037622005562     
   39.763883663484997       -555.78667548499266     
   39.856410662538664       -557.08297236983196     
   39.948937661592332       -558.37926688950165     
   40.041464660646000       -559.67555905880045     
   40.133991659699667       -560.97184889240043     
   40.226518658753335       -562.26813640484738     
   40.319045657807003       -563.56442161056236     
   40.411572656860670       -564.86070452384376     
   40.504099655914338       -566.15698515886754     
   40.596626654968006       -567.45326352968959     
   40.689153654021673       -568.74953965024599     
   40.781680653075341       -570.04581353435560     
   40.874207652129009       -571.34208519571996     
   40.966734651182676       -572.63835464792544     
   41.059261650236344       -573.93462190444427     
   41.151788649290012       -575.23088697863557     
   41.244315648343679       -576.52714988374657     
   41.336842647397347       -577.82341063291426     
   41.429369646451015       -579.11966923916589     
   41.521896645504683       -580.41592571542060     
   41.614423644558350       -581.71218007449033     
   41.706950643612018       -583.00843232908107     
   41.799477642665686       -584.30468249179398     
   41.892004641719353       -585.60093057512631     
   41.984531640773021       -586.89717659147288     
   42.077058639826689       -588.19342055312643     
   42.169585638880356       -589.48966247227952     
   42.262112637934024       -590.78590236102514     
   42.354639636987692       -592.08214023135781     
   42.447166636041359       -593.37837609517430     
   42.539693635095027       -594.67460996427531     
   42.632220634148695       -595.97084185036590     
   42.724747633202362       -597.26707176505647     
   42.817274632256030       -598.56329971986429     
   42.909801631309698       -599.85952572621363     
   43.002328630363365       -601.15574979543749     
   43.094855629417033       -602.45197193877812     
   43.187382628470701       -603.74819216738786     
   43.279909627524368       -605.04441049233037     
   43.372436626578036       -606.34062692458110     
   43.464963625631704       -607.63684147502897     
   43.557490624685371       -608.93305415447594     
   43.650017623739039       -610.22926497363949     
   43.742544622792707       -611.52547394315184     
   43.835071621846375       -612.82168107356233     
   43.927598620900042       -614.11788637533687     
   44.020125619953710       -615.41408985885994     
   44.112652619007378       -616.71029153443453     
   44.205179618061045       -618.00649141228348     
   44.297706617114713       -619.30268950254981     
   44.390233616168381       -620.59888581529844     
   44.482760615222048       -621.89508036051564     
   44.575287614275716       -623.19127314811055     
   44.667814613329384       -624.48746418791632     
   44.760341612383051       -625.78365348968987     
   44.852868611436719       -627.07984106311346     
   44.945395610490387       -628.37602691779534     
   45.037922609544054       -629.67221106326940     
   45.130449608597722       -630.96839350899779     
   45.222976607651390       -632.26457426436991     
   45.315503606705057       -633.56075333870399     
   45.408030605758725       -634.85693074124754     
   45.500557604812393       -636.15310648117816     
   45.593084603866060       -637.44928056760375     
   45.685611602919728       -638.74545300956402     
   45.778138601973396       -640.04162381603021     
   45.870665601027063       -641.33779299590663     
   45.963192600080731       -642.63396055803059     
   46.055719599134399       -643.93012651117317     
   46.148246598188067       -645.22629086404038     
   46.240773597241734       -646.52245362527322     
   46.333300596295402       -647.81861480344833     
   46.425827595349070       -649.11477440707893     
   46.518354594402737       -650.41093244461501     
   46.610881593456405       -651.70708892444441     
   46.703408592510073       -653.00324385489284     
   46.795935591563740       -654.29939724422502     
   46.888462590617408       -655.59554910064469     
   46.980989589671076       -656.89169943229581     
   47.073516588724743       -658.18784824726231     
   47.166043587778411       -659.48399555356968     
   47.258570586832079       -660.78014135918454     
   47.351097585885746       -662.07628567201573     
   47.443624584939414       -663.37242849991480     
   47.536151583993082       -664.66856985067614     
   47.628678583046749       -665.96470973203805     
   47.721205582100417       -667.26084815168315     
   47.813732581154085       -668.55698511723824     
   47.906259580207752       -669.85312063627612     
   47.998786579261420       -671.14925471631443     
   48.091313578315088       -672.44538736481763     
   48.183840577368755       -673.74151858919652     
   48.276367576422423       -675.03764839680935     
   48.368894575476091       -676.33377679496175     
   48.461421574529759       -677.62990379090775     
   48.553948573583426       -678.92602939184962     
   48.646475572637094       -680.22215360493919     
   48.739002571690762       -681.51827643727722     
   48.831529570744429       -682.81439789591479     
   48.924056569798097       -684.11051798785343     
   49.016583568851765       -685.40663672004530     
   49.109110567905432       -686.70275409939416     
   49.201637566959100       -687.99887013275520     
   49.294164566012768       -689.29498482693577     
   49.386691565066435       -690.59109818869626     
   49.479218564120103       -691.88721022474942     
   49.571745563173771       -693.18332094176185     
   49.664272562227438       -694.47943034635398     
   49.756799561281106       -695.77553844510010     
   49.849326560334774       -697.07164524452958     
   49.941853559388441       -698.36775075112678     
   50.034380558442109       -699.66385497133103     
   50.126907557495777       -700.95995791153791     
   50.219434556549444       -702.25605957809944     
   50.311961555603112       -703.55215997732330     
   50.404488554656780       -704.84825911547523     
   50.497015553710447       -706.14435699877765     
   50.589542552764115       -707.44045363341070     
   50.682069551817783       -708.73654902551289     
   50.774596550871451       -710.03264318118090     
   50.867123549925118       -711.32873610647039     
   50.959650548978786       -712.62482780739606     
   51.052177548032454       -713.92091828993216     
   51.144704547086121       -715.21700756001269     
   51.237231546139789       -716.51309562353197     
   51.329758545193457       -717.80918248634487     
   51.422285544247124       -719.10526815426658     
   51.514812543300792       -720.40135263307457     
   51.607339542354460       -721.69743592850659     
   51.699866541408127       -722.99351804626349     
   51.792393540461795       -724.28959899200709     
   51.884920539515463       -725.58567877136261     
   51.977447538569130       -726.88175738991742     
   52.069974537622798       -728.17783485322263     
   52.162501536676466       -729.47391116679239     
   52.255028535730133       -730.76998633610469     
   52.347555534783801       -732.06606036660139     
   52.440082533837469       -733.36213326368897     
   52.532609532891136       -734.65820503273835     
   52.625136531944804       -735.95427567908564     
   52.717663530998472       -737.25034520803183     
   52.810190530052139       -738.54641362484347     
   52.902717529105807       -739.84248093475310     
   52.995244528159475       -741.13854714295928     
   53.087771527213143       -742.43461225462693     
   53.180298526266810       -743.73067627488763     
   53.272825525320478       -745.02673920883956     
   53.365352524374146       -746.32280106154860     
   53.457879523427813       -747.61886183804756     
   53.550406522481481       -748.91492154333741     
   53.642933521535149       -750.21098018238695     
   53.735460520588816       -751.50703776013302     
   53.827987519642484       -752.80309428148121     
   53.920514518696152       -754.09914975130573     
   54.013041517749819       -755.39520417444987     
   54.105568516803487       -756.69125755572622     
   54.198095515857155       -757.98730989991645     
   54.290622514910822       -759.28336121177279     
   54.383149513964490       -760.57941149601675     
   54.475676513018158       -761.87546075734031     
   54.568203512071825       -763.17150900040599     
   54.660730511125493       -764.46755622984710     
   54.753257510179161       -765.76360245026774     
   54.845784509232828       -767.05964766624311     
   54.938311508286496       -768.35569188232000     
   55.030838507340164       -769.65173510301656     
   55.123365506393831       -770.94777733282331     
   55.215892505447499       -772.24381857620256     
   55.308419504501167       -773.53985883758844     
   55.400946503554835       -774.83589812138848     
   55.493473502608502       -776.13193643198247     
   55.586000501662170       -777.42797377372312     
   55.678527500715838       -778.72401015093646     
   55.771054499769505       -780.02004556792178     
   55.863581498823173       -781.31608002895200     
   55.956108497876841       -782.61211353827389     
   56.048635496930508       -783.90814610010830     
   56.141162495984176       -785.20417771864993     
   56.233689495037844       -786.50020839806791     
   56.326216494091511       -787.79623814250658     
   56.418743493145179       -789.09226695608447     
   56.511270492198847       -790.38829484289511     
   56.603797491252514       -791.68432180700756     
   56.696324490306182       -792.98034785246591     
   56.788851489359850       -794.27637298329023     
   56.881378488413517       -795.57239720347559     
   56.973905487467185       -796.86842051699398     
   57.066432486520853       -798.16444292779272     
   57.158959485574520       -799.46046443979583     
   57.251486484628188       -800.75648505690378     
   57.344013483681856       -802.05250478299354     
   57.436540482735523       -803.34852362191907     
   57.529067481789191       -804.64454157751106     
   57.621594480842859       -805.94055865357814     
   57.714121479896527       -807.23657485390538     
   57.806648478950194       -808.53259018225572     
   57.899175478003862       -809.82860464237035     
   57.991702477057530       -811.12461823796752     
   58.084229476111197       -812.42063097274377     
   58.176756475164865       -813.71664285037434     
   58.269283474218533       -815.01265387451213     
   58.361810473272200       -816.30866404878907     
   58.454337472325868       -817.60467337681530     
   58.546864471379536       -818.90068186218059     
   58.639391470433203       -820.19668950845289     
   58.731918469486871       -821.49269631917969     
   58.824445468540539       -822.78870229788777     
   58.916972467594206       -824.08470744808346     
   59.009499466647874       -825.38071177325276     
   59.102026465701542       -826.67671527686105     
   59.194553464755209       -827.97271796235395     
   59.287080463808877       -829.26871983315732     
   59.379607462862545       -830.56472089267686     
   59.472134461916212       -831.86072114429885     
   59.564661460969880       -833.15672059139001     
   59.657188460023548       -834.45271923729774     
   59.749715459077215       -835.74871708535045     
   59.842242458130883       -837.04471413885676     
   59.934769457184551       -838.34071040110734     
   60.027296456238219       -839.63670587537320     
   60.119823455291886       -840.93270056490758     
   60.212350454345554       -842.22869447294431     
   60.304877453399222       -843.52468760269926     
   60.397404452452889       -844.82067995737043     
   60.489931451506557       -846.11667154013662     
   60.582458450560225       -847.41266235415992     
   60.674985449613892       -848.70865240258377     
   60.767512448667560       -850.00464168853387     
   60.860039447721228       -851.30063021511887     
   60.952566446774895       -852.59661798542925     
   61.045093445828563       -853.89260500253874     
   61.137620444882231       -855.18859126950349     
   61.230147443935898       -856.48457678936256     
   61.322674442989566       -857.78056156513821     
   61.415201442043234       -859.07654559983553     
   61.507728441096901       -860.37252889644344     
   61.600255440150569       -861.66851145793362     
   61.692782439204237       -862.96449328726135     
   61.785309438257904       -864.26047438736589     
   61.877836437311572       -865.55645476116979     
   61.970363436365240       -866.85243441158013     
   62.062890435418907       -868.14841334148696     
   62.155417434472575       -869.44439155376483     
   62.247944433526243       -870.74036905127286     
   62.340471432579911       -872.03634583685414     
   62.432998431633578       -873.33232191333593     
   62.525525430687246       -874.62829728353040     
   62.618052429740914       -875.92427195023402     
   62.710579428794581       -877.22024591622824     
   62.803106427848249       -878.51621918427918     
   62.895633426901917       -879.81219175713795     
   62.988160425955584       -881.10816363754054     
   63.080687425009252       -882.40413482820850     
   63.173214424062920       -883.70010533184814     
   63.265741423116587       -884.99607515115144     
   63.358268422170255       -886.29204428879586     
   63.450795421223923       -887.58801274744383     
   63.543322420277590       -888.88398052974458     
   63.635849419331258       -890.17994763833167     
   63.728376418384926       -891.47591407582536     
   63.820903417438593       -892.77187984483214     
   63.913430416492261       -894.06784494794374     
   64.005957415545936       -895.36380938773857     
   64.098484414599611       -896.65977316678084     
   64.191011413653285       -897.95573628762168     
   64.283538412706960       -899.25169875279778     
   64.376065411760635       -900.54766056483322     
   64.468592410814310       -901.84362172623821     
   64.561119409867985       -903.13958223950965     
   64.653646408921659       -904.43554210713137     
   64.746173407975334       -905.73150133157390     
   64.931227406082897       -908.32341786074187     
